77 100 118 123 145 171 192 225 230 243 261 273 326 349 412 461 470
37 94 100 104 171 194 235 332 411 419 422 460 470
35 41 112 151 154 158 163 196 224 269 295 426
70 89 145 158 162 202 310 320 345 405 437 438 461 486
4 27 112 229 239 346 351
2 145 154 160 197 274 378 477
69 73 118 120 122 177 217 234 307 334 349 395 401 413 494
43 53 70 101 111 130 151 157 180 230 239 276 285 296 299 354 362 419
120 236 270 316 371 381 421 441
151 159 197 205 212 217 414 450
35 42 69 110 156 165 263 277 283 296 346 376 427 489
3 33 57 85 145 159 206 240 279 294 328 349 381 403 422 468 477 494
27 51 55 280 283 295 332 345 360 378 381 401 477 484
6 10 25 45 72 100 151 168 208 295 322 326 352 467
55 93 187 229 332 454 456 480
25 55 57 93 100 125 145 193 215 230 236 274 276 280 321 383 415 419 480 495
1 6 12 25 70 129 159 204 239 263 296 305 412
75 88 143 188 196 204 236 258 276 316 413 470 472 474 492
5 37 90 92 112 196 212 236 268 274 320 327 339 362 375 381 460
49 52 54 69 110 160 266 269 368 378 401 437 447 453
12 116 126 158 183 204 258 283 320 371
25 93 122 139 145 197 217 224 272 322 383 427 494
12 38 44 115 122 159 296 321 370 372 421 487
70 132 193 279 310 333 474
19 45 58 72 120 138 186 189 198 285 320 333 374 424 437 443 496
7 43 75 93 108 118 162 198 226 258 268 390 453 460 472
2 17 21 54 88 118 145 214 227 257 275 295 334 476
25 171 478
25 38 51 55 58 97 113 155 171 217 226 229 268 277 295 310 311 327 354 406 411 460 467 469
48 72 78 142 145 162 274 326 352 370 385 413 467
12 71 172 300 388 438 470 471 477 490
3 4 126 158 212 229 343 477 483 494
6 43 51 93 162 180 196 227 279 283 316 357 381 412 413 422 450 462 467 496
73 93 104 125 131 171 207 239 278 280 326 443 489
3 85 88 115 296 321 472
27 37 73 111 129 132 163 177 222 316 320 328 343 411 430 472 487
0 38 93 97 120 157 193 227 243 262 381 395 401 413 470
60 93 110 112 114 208 280 294 307 368 408
20 26 43 64 70 71 123 201 216 252 286 338 345 354 392 402 414 415 442 470 489
25 116 151 196 217 275 280 326 401 477 480 489
20 49 76 82 142 145 246 283 334 368 489
40 43 51 60 93 161 208 236 280 294 368
21 111 136 208 332 334 378 427 428
13 115 158 161 167 229 239 345 377 422
38 75 180 196 205 240 255 308 355 392 421 423 440
105 120 154 343 360 369 405 419
3 32 82 85 90 105 161 197 268 306 321 343 362 486 492
82 120 197 205 278 315 326 440 449 492
5 53 97 102 155 178 204 207 227 258 295 299 336 348 430 470
46 185 274 304 319 346 356 368
69 70 183 249 306 308 381 407
32 46 54 93 151 161 177 188 195 229 283 347 379 391 494
0 26 275 285 287 315 419 471 472
83 86 110 130 185 314 326 361 371
85 130 146 162 237 348 354 377 460
73 162 175 186 229 354
3 16 38 54 74 124 197 350 368 470 489 491
8 39 112 122 145 161 223 265 321 394 427 437 472 480 492 498
93 120 158 159 169 180 210 226 312 322 366 410 429 443 473
31 306 366 474
2 12 31 51 80 126 127 145 154 177 217 243 316 334 362 366 460
8 36 38 69 100 175 217 232 239 300 304 305 326 343 401 408 438
2 33 69 118 147 196 262 298 326 414 422 450 472
1 44 70 72 181 208 220 227 279 298 328 338 414 438 468
1 13 25 26 93 116 214 471
32 43 120 255 261 269 278 293 333 377 400 401 411 440 488
27 37 38 51 82 92 110 118 175 187 276 327 401 450
8 51 86 120 125 138 208 290 305 315 339 417 422
7 8 68 196 201 259 354 401
8 18 42 71 192 293 300 384 422 470 496
7 21 48 78 210 226 339 347 463 480
55 80 125 145 151 159 179 239 249 274 289 379 422
21 46 52 97 126 137 240 280 283 290 295 316 337 350 440 460 471 483 490
21 26 127 203 205 280 308 318 350 361 405
12 32 130 155 176 183 205 314 346 350 362 377 415 470 477 487
142 143 147 155 161 204 280 362 383 401 467 472
72 120 266 290 357 373 421 426 427 494
2 40 71 196 262 295 310 362 421 489
8 48 112 130 140 154 182 197 277 421 449 477
15 54 130 154 156 174 266 276 356 390 480
242 266 280 285 308 353 422 472 480 486
82 96 171 181 216
73 115 122 140 165 377 419 464
22 115 118 132 230 261 273 310 326 412 414
55 68 86 103 281 362 477
132 145 170 177 178 188 208 260 322 334 374 394 421 449
93 128 177 271 352 401
8 21 70 154 185 205 242 275 283 300 345 423 450 468
21 48 64 210 224 339 368 388 480
0 8 49 51 145 234 264 300 350 381 456
23 45 70 93 97 110 129 145 276 279 343 371 397
0 27 79 296 364 461
2 49 168 183 205 224 272 276 287 405 421 428 454 460
8 75 82 145 151 175 217 234 264 268 276 277 300 336 349 350 370 417
25 55 72 93 111 112 115 127 159 280 283 333 334 442
142 283 293 368
21 45 99 117 145 151 266 285 315 322 362 373 413 418 423 450 489
31 38 45 49 52 69 110 169 180 207 241 258 368 461 489
4 28 32 72 103 140 161 204 234 298 362 422 443 482
39 112 145 161 208 217 268 402 482
3 10 38 64 70 72 121 276 294 326 419 454 456
12 115 134 161 173 192 195 239 252 275 285 345 368 377 401 422 481
10 55 68 120 320 328 372 494
81 85 93 145 159 204 236 272 383 419
14 32 89 120 140 143 231 264 296 438 463 472 480
6 21 25 68 70 122 146 351 401
3 159 165 217 338 368 403
18 53 112 124 205 266 282 326 337 411 460 480
159 193 343 413 422 476
104 131 140 161 204 207 443 475 489
21 71 160 162 172 236 350 351 366 379 401 432 443
51 52 145 197 241 294 364 378 405 489
21 38 45 96 104 116 169 180 216 258 287 296 346 359 414 422 462 480
0 17 112 130 151 196 309 326 350 368 477 485 489
72 90 112 116 192 196 205 261 377 385 438 442
8 17 19 96 130 151 172 207 234 252 352 387 395 400 407 413 427 494
19 75 116 161 189 217 407 460
115 161 229 239 345 373 422
35 52 112 203 217 236 307 381 470 472 474
17 24 140 155 163 204 217 352 427 475
31 108 192 334 368 372 460
59 71 130 151 154 236 240 277 294 307 315 332 333 356 368 453 483
70 73 142 160 197 224 294 440
6 27 72 131 137 140 145 197 205 239 243 351 371 419 422 475
12 31 161 218 237 352 367 438 450
112 132 161 280 288 329 401 467
158 259 268 335 346 363 385 389 443 477 487
3 12 16 68 71 124 164 183 197 236 339 354 374 390 438 456 470 491
20 26 32 55 70 71 241 345 385 392 407
82 286 368 460 484
1 25 48 71 73 127 151 172 234 236 254 300 333 366 419 427
45 164 178 322 326 353 355 417 440 441
8 15 59 73 75 140 198 205 216 309 320 349 383 387 438
32 33 36 43 57 73 117 155 180 224 259 300 334 411
32 54 100 201 270 460
70 123 136 147 161 172 198 319 387 415 450
5 60 125 161 218 279 465 480
8 17 18 26 39 53 124 151 205 206 263 266 282 306 307 326 345 351 358 381 411 480
45 83 255 303 368 381 392 472 480 492
39 112 145 280 401
8 45 80 112 120 241 266 295 334 342 377 443 453 467
68 75 111 280 354 385 422 470 496
4 5 31 39 43 75 80 161 229 368 395 453 477
37 61 76 169 250 275 436 462 470
3 39 54 120 161 173 175 204 217 242 336 352 353 368
31 75 155 229 411
12 118 160 193 238 296 300 306 320 326 346 373 390 408 487
5 61 112 132 145 180 227 229 239 279 355 484 486
46 73 129 171 183 186 188 249 267 275 318 368 395 471
12 68 73 96 100 112 180 227 362 426 466 494
2 46 114 147 242 266 278 300 302 352 368 470 472 477 489
27 69 120 129 161 196 197 204 207 216 239 326 362 467
96 121 139 140 190 191 202 229 236 239 294 334 384 419 442 467 477 489
51 73 227 279 300 339 349 413
2 38 120 159 161 185 188 216 217 227 272 279 307 308 366 402 458
38 55 120 155 217 268 295 311 320 326 406 460 467
1 70 71 82 104 108 115 139 147 169 217 229 320 335 405 460
93 115 145 167 196 207 236 307 332 366 368 383 419 422 424
98 110 196 314 348 352 438
15 187 243 254 361 381 474
2 5 6 25 110 131 161 209 217 229 280 307 309 385 412 474
18 161 163 217 347 400
35 55 71 140 154 192 193 267 274 290 294 296 321 346 395 489
31 32 63 161 162 177 326 347 362 373 377 411 450 460 462 470
31 36 83 117 155 180 216 224 387 411 467 482 496
24 82 177 310 350 379 405 419 449 460 473 478 480 490
19 54 73 75 85 92 161 280 306 327 413 430 485 492 494
8 26 45 100 154 217 249 412 453
21 71 173 186 257 280 310 377 424 427
73 75 82 85 110 190 258 280 321 343 492
8 12 82 129 181 188 249 259 290 318 338 377 419 438 459
5 141 146 157 180 196 204 208 230 234 237 268 276 326 343 351 359 390 447 480
0 5 13 32 45 110 129 142 156 158 214 216 239 243 294 304 405 436 438 484 491
25 97 229 266 309 310 334 411 454 456 486 496
17 27 31 35 73 78 115 130 162 204 240 275 352 357 362 364 406 415 419
12 130 171 174 266 279 356 390 453 458
3 69 120 150 203 234 239 240 247 265 270 279 299 305 322 371 387 441 468 487
43 46 183 198 201 222 270 317 378 422 496
24 100 120 132 196 266 339 364 400 450 460 472
31 46 72 85 117 120 144 159 183 215 242 266 280 322 397 405 450 471 489
20 22 68 70 160 188 283 294 300 316 392 411 422 452 473
12 39 55 73 230 234 268 286 313 326 354 438
5 143 145 178 180 198 237 274 300 379 478
12 239 352 362 388
2 156 168 198 205 215 229 258 279 352 395 477
1 85 103 120 130 155 163 205 239 263 280 316 339 421 471 487
8 190 192 204 216 280 315 384 413 422 487
5 55 73 110 112 114 140 157 224 300 302 306 307 347 408 452 460 470 474
104 115 116 140 159 165 175 192 201 204 259 283 360 387 427 450
35 37 38 78 100 126 162 177 188 296 377 467
25 48 73 121 180 276 279 283 309 320 373 438 498
5 32 129 140 156 321 362 388 402 403 405 415 427 491
42 89 118 158 307 334 345 349 368 381 415
8 12 102 154 155 171 175 227 260 290 310 368 369 381 447 489 494
3 59 132 193 236 275 304 322 346 351 354 368 419 450
8 26 43 55 205 236 307 354 368 460 474 486
20 26 70 71 173 205 208 345 392 414 419 432
55 170 236 324 393
32 117 349 405 494
16 43 53 88 151 322 346
12 19 25 111 117 129 240 279 280 295 413 430 486 494
2 10 43 55 72 88 97 100 112 140 177 192 205 227 242 243 348 350 354 362 390 422 430 489
1 21 32 76 196 265 272 308 327 368 383 417 460 494
0 35 171 216 279 288 339 450
18 48 69 70 88 94 204 274 334 373 438 447 474
71 73 78 140 198 239 256 275 349 361 418 419 468 472
12 54 73 75 105 118 194 265 281 354 366 368 376
1 46 172 319 388 438 470 471 477 490 492
3 21 45 54 61 75 130 162 177 280 395 406 439 490
17 72 80 227 335
3 8 38 45 67 98 112 198 263 354 392
7 15 27 35 43 75 110 114 116 120 144 152 175 192 198 277 295 316 334 350 368 438 477
88 132 164 168 217 246 297 323 330 342 354 376 377 411 436 480 496
12 46 103 121 208 397 442 459 467
25 27 37 51 54 127 145 236 243 266 431 480
53 97 102 204 227 430
31 97 100 183 227 234 338 354 388
85 93 100 110 120 172 197 203 204 210 240 283 296 362 364
115 196 207 272 310 355 366 368 401
8 45 157 171 293 471
104 111 145 155 183 347 423 470
3 70 115 288 310 346 387 397 440 492
72 73 85 132 159 178 181 207 222 272 316 336 343 390 430 470
43 55 139 157 185 193 217 279 297 343 356 381 392 395 401 422 438 487
71 104 112 161 192 204 242 280 294 368 376 378 392 414 421 427
0 65 71 110 307 328 335 338 401 419 472
8 43 177 196 234 306 336 356 395 422 436 438
130 180 230 239 285 299 354
31 100 112 115 182 275 352 415 477
64 69 73 159 164 168 224 258 368 378 388 422 447 480
4 5 12 14 17 53 82 104 107 130 234 274 319 395 403 453 486
5 112 140 268 320 362 381 469
31 69 73 140 162 167 239 361 375 427 468 472 477
1 10 43 57 157 159 229 316 317 345 348 349 364 368 390 469 472
120 127 132 140 146 162 236 280 328 371 440 494
180 322 366 443
5 8 12 18 42 55 73 98 110 157 224 229 258 268 293 306 349 395 421 460 470
54 132 140 276 308 320 328 378 381 438
82 95 117 265 275 349 405 438 450 488
2 70 100 110 127 145 177 239 283 411 413 449 461 467 478
71 73 96 145 151 279 283 296 306 334 339 351 494
26 140 224 236 263 296 300 302 474
72 75 100 104 122 155 201 234 307 368 419 424 460
12 21 51 110 120 245 265 384 403 464
31 54 68 158 204 208 214 226 275 307 339 405 419 440 468 490
27 93 145 151 204 210 217 265 279 338 350 357 388 413 438
51 73 116 128 132 151 224 239 268 276 283 323 381 401 496
25 93 120 126 129 183 201 222 275 333 334 366 378 397 491
28 64 110 202 229 349 351 361 460 490
43 45 120 136 158 217 229 239 283 299 300 325 369 371 377 413 427 456
73 83 96 160 204 310 314 322 367 368
78 112 127 129 215 217 258 278 368
2 26 51 142 143 145 160 210 223 229 361 385 401 427 460 467
12 46 171 203 258 361 363 487
1 2 6 21 55 80 100 105 177 226 332 362 368 405
45 64 72 112 117 157 257 285 320 327 351 413 415 436 494
18 31 61 68 69 161 235 268 295 316 405
16 41 61 69 82 142 196 239 296 335 379 460
38 55 58 104 105 120 136 176 208 216 307 458
94 123 125 136 147 161 196 198 216 319 322 339 415 450
12 31 59 127 203 217 223 326 335 342 407 408 419 470
51 85 116 161 171 245 298 346 360 395 480
1 26 37 58 71 82 125 140 179 201 210 234 240 259 279 393 413 446 459 472
4 75 79 98 145 196 276 286 319 400 470 474
33 58 70 94 120 129 140 177 217 335 343 349 397 422
0 25 143 151 198 279 298 308 314 321 325 358 446
16 53 125 151 162 177 205 239 242 249 281 285 326 349 368 419
21 100 101 362 368
54 116 129 130 227 274 401
26 51 111 120 158 223 234 239 275 278 357 405 427 467 472 478 494
10 146 211 224 322 326 355 367 437 447
3 44 145 234 309 319 412 427 489 498
2 12 27 128 130 175 400 403 440 442 450 460
73 145 164 316 326 362 401 440 464 469 482 487
37 90 118 122 205 217 279 368 407 438 474 490 494
38 39 73 201 296 332 351 476 489
12 77 132 266 290 308 316 354 361 366 368 377 468 482
28 130 165 175 178 242 290 298 354 358 381 421 427 438 450
18 68 73 105 115 143 175 208 260 283 304 326 350 466
82 95 104 188 280 362 410 414 440 472
12 71 125 217 236 319 362 381
2 72 118 123 237 276 280 298 326 350 352 400 401 424 438 440 449 450 494
21 28 34 35 82 120 196 259 310 319 321 343 348 387 397 492
3 85 157 175 204 217 234 260 321 326 334 343 352 494
28 41 85 112 145 151 162 163 177 224 278 316 400 426 430
72 168 210 217 236 279 283 381 412 419
70 78 198 217 256 265 326 335 381 440 473
43 78 97 197 205 318 321 333 413 440 449 456
26 345
3 35 39 48 103 116 204 224 236 266 336 351 369 483
33 90 169 175 204 205 229 335 364 373 438
14 28 52 73 151 168 300 379 402 422
1 91 115 130 155 163 177 188 205 259 269 311 316 461 487
68 158 263 322 326 382 418
27 46 72 137 183 234 242 266 280 290 308 351 357 422 427
12 116 126 158 283 320 325 381
21 196 203 205 226 277 350 362 381 401 464
51 110 236 239 257 283 321 339 348 487
100 110 116 274 287 296 334 411 447 461 471 477 494
3 10 64 71 98 111 114 266 294 326 407 419 459
8 21 55 129 203 226 234 254 339 364 378 470
21 112 140 161 217 240 243 274 308 326 448 450
35 37 54 161 165 266 279 349 419 461 474 498
187 205 255 322 344 480
21 32 162 179 198 207 216 236 245 307 315 318 421 450
62 96 120 138 156 161 193 275 333 368 443 460 484
49 75 96 100 195 283 334 394 415 422 461 469
126 145 214 266 319 351 419 421 422 477 480 498
28 64 75 100 110 165 300 306 308 339 351 390 477 486 487
95 156 175 243 277 278 306 381 470
8 21 43 196 227 234 267 336 368 403 438 470 489
3 10 24 78 196 294 326 350 362 381
45 70 73 112 153 183 201 217 239 343 400 405 419 461
4 18 71 130 217 226 283 319 330 339
73 151 161 268 276 323 347 394 496
21 28 41 54 158 188 204 205 226 242 245 275 419 440 472
5 6 209 270 280 309 385
4 105 162 177 214 259 277 306 335 381 385 470 496
12 49 97 145 155 159 210 217 239 262 280 295
0 12 26 61 180 192 196 222 419 467 471
38 54 121 274 310 322 328 381 438 462 470
120 145 158 159 259 273 275 278 314 332 393 449 494
36 45 100 129 189 296 343 354 369 447
2 45 52 72 111 215 224 294 347 348 349 354 402 477
25 71 88 175 200 273 361 368 422 440
12 145 156 198 204 279 334 362 376 378 384 438 477 480 492
16 26 43 53 88 151 243 252 322 346
14 33 104 145 206 217 222 270 285 400 401 449 494
120 190 207 322 367 414 470 486 490
5 17 21 77 80 105 145 156 181 183 376
3 110 111 120 150 161 169 249 279 299 360 361 470
21 51 57 70 94 159 238 274 326 339 373 401 487
379
73 100 172 183 201 236 300 319 339 357 377 387 419 460
25 69 73 145 239 257 320 370 494
176 194 289 326 368 455 460 470 492
30 31 38 53 93 105 227 274 275 279 283 306 310 360 375 385 430 467 470
21 125 234 296 299 414 418 461 471 489
19 28 73 96 112 140 263 269 349 368 369 405 443 494
5 45 55 83 116 145 162 166 214 239 259 321 385 403 496
12 27 45 46 69 73 110 129 154 172 207 208 256 343 395 397 459
19 25 120 158 159 161 201 210 227 275 312 334 407 491
31 75 100 145 161 217 275 281 314 327 334 368 378 417 484
80 120 131 140 239 280 296 349 381 383 419 484 486
111 194 275 334 336 339 345 355 427 487
125 154 217 296 333 335 338 352 422
35 64 123 152 161 236 285 469 494
12 45 53 97 104 111 154 190 205 274 279 300 411 494
49 55 70 71 72 104 110 132 141 161 204 234 307 334 350 355 373 377 438 459
5 73 129 227 252 415 450 491
26 52 185 258 280 290 295
37 68 171 183 235 236 279 310 332 373 411 419 422 466
53 103 126 151 236 266 351 461 494
53 129 151 226 249 336 405
34 45 93 130 162 203 234 252 335 427
2 45 71 196 266 278 295 421 489
21 25 73 112 122 220 304 349 350 368 421 443
116 122 203 368 403 419
97 125 151 205 229 234 262 281 290 334 335 348 349 368 379 460
39 53 78 93 116 120 196 230 239 276 385 467
39 49 58 82 95 140 364 368 464 468 489
20 55 70 127 227 268 279 285 311 405 427 430 449
55 130 173 205 206 217 276 338 383 385 436
43 75 79 156 198 334 368 377 381 392 477
85 159 162 181 196 272 280 367 477
18 38 54 120 124 141 205 337 350 375 377 440 489
2 7 8 43 68 145 201 234 259 264 300 350 354 378 401
14 31 43 61 96 100 111 141 201 229 272 316 334 336 346 381 415 461 470 486
2 103 111 163 174 176 319 352
8 12 51 116 403 417 460 492
8 21 25 104 112 122 125 164 170 217 227 321 328 421 440 477
3 55 57 98 242 273 275 300 328 352 450 477
112 126 130 141 143 204 234
8 39 43 78 115 162 178 188 207 208 259 269 322 334 354
9 105 128 217 258 308 353 461
8 12 55 89 95 96 100 115 189 192 226 294 311 326
25 43 71 183 283 334 339 347 354 368 370 432 478 490
8 43 78 115 120 125 144 289 294 343 354 368 419 472
18 86 287 415 470 477
5 45 57 72 278 294 348 364 470
2 40 64 71 73 127 156 180 183 262 274 310 314 328 362 373 411 413 420 470
71 75 80 120 130 180 234 240 352 377 464 474 480
125 234 293 360 419 461 471
96 122 180 186 205 208 261 270 296 377 438 442 471
97 98 145 162 168 229 348 354 381
55 75 93 100 130 151 259 280 334 368 388 415 438 441
26 70 95 105 120 145 147 175 177 205 290 401 458
1 2 12 27 31 48 72 132 138 143 161 218 274 280 354 362 367
41 45 71 95 102 177 208 209 240 242 279 287 319 342 352 368 424 489 498
6 21 80 140 151 205 236 244 263 266 287 340 342 343 354 467
21 31 33 75 165 167 168 192 217 349 366 368 385 395 422 438 470 477
1 51 159 259 280 286 326 334 360 412 438 452
32 102 154 161 192 217 296 333 335 355
89 90 111 122 154 165 177 257 350 373 424 447 486
45 157 186 343 475
17 53 159 198 234 274 360 395 453
43 94 118 129 145 210 328 350 368 393 470 489
104 205 256 275 332 339 403 447 460 470
27 52 85 89 100 217 310 480
55 71 96 107 129 154 224 236 243 294 369 381 392 422 472
10 69 93 103 136 171 180 196 318 336 339 405 460 480
14 53 110 116 160 182 225 236 262 381
25 38 161 280 296 394 443
31 97 100 169 196 229 306 321 335 413 423 467
4 12 46 76 103 118 136 208 209 339 352 368 397 459
8 21 35 45 48 161 183 207 217 257 261 267 419 460 482
54 55 117 143 183 185 234 419
181 229 448 478
82 88 234 268 279 298 326 352 368 400 412 424
72 73 151 172 185 196 198 208 215 217 236 275 300 328 419 438 482
71 120 239 266 296 311 328 334 343 368 373 440 477 480 494
73 85 259 422 494
18 120 344 375 414 438 470 489 490
0 39 46 161 171 173 204 288 336 339 422 450
5 19 25 31 69 108 143 155 161 197 210 256 285 318 334 345 368 407
130 215 270 372 401 450
296 300 346 362 370 378 397 477
70 82 93 145 229 274 298 316 326 356 368 422 478
8 51 78 122 193 196 205 239 249 294 304 315 401 405 478
4 28 68 72 176 196 381 440 470
3 8 43 104 129 131 165 180 192 207 266 290 310 320 349 411 443 489
53 86 154 254 285 300 322 355 362 367 368 378 477 492
4 25 115 177 197 239 289 362
27 70 78 126 181 210 263 283 322 391 476
21 25 26 214 276 381 489
75 183 239 242 278 349 360 498
6 12 21 51 97 104 105 111 177 280 343 361 375 381 401 403
21 72 95 97 120 217 272 355 368 464
112 120 140 158 294 381 414 489
35 53 112 130 180 196 197 216 217 230 236 239 285 299 354 355 421 422 438
31 71 72 201 217 282 311 339 356 368 474
80 140 239 255 280 296 338 355 383 427 475 480
36 114 196 316 388 396 409 456 483
57 97 172 263 316 334 349 368 400 492
38 69 96 118 140 142 155 216 219 368 443 489
129 146 366 492
20 42 55 57 71 129 196 273 276 345 366 371 384 403 472 477
21 75 116 120 180 187 239 362 422 442 447
35 51 79 91 128 143 190 205 215 216 217 241 249 275 286 290 296 351 419 468
419 451 492
86 112 115 123 126 130 143 202 362 370 372 485 487
55 61 85 145 208 227 229 239 349 361 364 460 486
56 153 266 311 489
80 111 120 138 279 423 494
38 44 45 112 129 140 196 234 279 309 319 326 426 477
88 148 263
32 82 158 176 194 278 294 328 362 401 402 422 427 443 455 492
17 43 57 91 130 266 274 306 313 326 422 441 461
43 45 68 205 236 307 340
15 73 99 110 254 296 338 383 438 471
118 168 181 194 196 309 331 334 472
8 31 144 319 458 477 486
8 57 64 79 82 102 125 126 239 261 354 362 368 421 440 450
39 69 217 224 226 357 362 413 424 490
21 45 144 178 182 188 207 208 266 267 322 334 449 450
12 32 71 131 204 208 214 268 280 443
8 12 69 120 128 160 271 390
12 140 252 401 487 494
12 158 227 278 300 310 366 368 383 468 489 494
8 49 89 154 161 189 224 268 276 300 334 336 368 371 375 394 441 459 460 468 489
5 88 112 131 140 268 307 316 320 354 381 469
155 217 368 408
45 54 56 72 128 154 161 227 240 354 371 415 470 480
78 111 130 210 266 329 477 486
35 51 82 103 183 252 268 274 283 337 477 496
25 49 122 129 182 229 278 350 361 427
16 48 79 80 120 217 236 256 276 296 339 431 489
8 21 51 198 216 217 310 419 453 460 489 494
339 368 447 489
3 123 172 182 234 239 305 322 352 368 387 430 449 459 477 492
32 61 72 162 180 181 193 229 230 283 310 370 474 492
105 217 224 234 236 242 295 318 328 357 362 370 385 415 419 432
25 100 120 128 175 255 279 319 354 368 395 438 440 450
93 227 315 339 355 362 422 461 468 489
26 97 105 175 216 227 248 261 283 432 460 474
8 116 118 122 277 310 320 354 486
75 396 477
36 61 70 71 205 300 377 394 438 480
97 176 196 263 283 285 335 348 381 387 408 440
171 177 477
12 68 183 339 354 374 390 456
15 115 142 193 246 283 332 334 460 490 494
8 56 75 76 81 112 128 217 294 378 403 437 460
1 4 33 49 73 97 103 264 307 368 401 438 487 489
8 73 96 103 171 187 212 217 263 268 274 300 325 337 358 362 368 489
54 110 156 161 172 263 275 349 361 388 443 477
46 68 93 110 126 207 229 338 361 362 477
28 168 188 201 307 328 414 450 454 480
23 26 90 110 205 207 279 368 372 390 406 490
4 132 146 165 193 196 227 315 420 463 477 480
14 43 85 93 132 158 275 280 303 319 320 345 360 368 369 438 492
30 31 46 55 80 120 125 146 197 229 234 239 268 319 352 427
78 136 171 196 217 263 390 412 494
2 32 54 57 69 81 120 130 181 216 414 437
5 75 88 105 265 368 387 390
73 95 108 162 168 214 259 333 473 487
154 159 177 183 189 204 209 371 375 384 477
74 132 283 362 487
2 145 190 196 263 295 326 368 402 421 472 489
12 110 120 122 145 171 176 196 274 277 319 351 381 401 440 477 489 491
89 115 207 216 294 326 334 366 368 449 476 483
33 100 205 263 326 373 374 414 484 490 494
19 72 78 159 177 188 205 254 315 326 347 401 456 487 489
18 39 120 137 141 171 180 194 254 290 348 361 375 381 411 431 449 470
12 21 25 55 82 85 94 146 276 307 316 335 343 348 354 368 419 455 494
129 177 205 227 279 294
93 116 129 171 193 275 280 310 320 322 364 440 484
4 10 12 56 108 153 239 266 311 443 459 489
176 205 294 443
15 38 45 57 93 98 112 120 169 198 263 352 354 356 392 410
22 82 112 117 140 241 274 279 308 352 368 448 450
32 43 73 95 118 171 255 293 319 377 415 474 486
88 129 164 279 325 350 368 413
38 53 80 97 177 217 305 343 351 354
48 85 229 264 321 332 344 349 357 387 401 424 438 440 464
27 43 61 71 93 104 108 132 161 185 234 350 354 420 421 459 489
73 74 201 244 343 422 470
4 21 51 73 81 104 117 227 246 267 279 294 296 310 328 378 471
12 20 75 130 150 197 236 279 299 306 362 438 475 489
2 82 129 151 155 160 162 207 296 343 358 361 373 418
3 16 124 183 197 326 470 487 491
27 45 71 72 86 118 197 210 362 403 419 422 442 468 489
64 115 131 145 163 185 205 234 249 265 400 460 480 487
9 39 43 48 143 162 207 405 415 421 424 492
5 45 46 93 203 242 280 335 350 494
0 112 142 171 180 181 205 295 310 326 354 450 467
12 25 35 89 196 216 226 229 239 278 314 377
116 159 161 401 472
8 37 75 102 154 155 290 335 346 413 472
69 307 335 343 438
26 41 45 46 72 86 168 177 208 226 297 340 390 471 483
49 73 108 145 147 191 203 217 294 318 334 368 412 417 427 443 460 474 480 489
48 68 100 217 229 296 385 397
223 239 288 368 426 469
9 21 51 62 105 114 128 187 217 258 294 419 461 482
52 73 91 143 162 216 217 241 249 286 290 364
37 46 55 97 111 118 130 136 145 176 318 377
8 236 266 280 323
55 140 192 274 290 294 321 395
2 58 69 108 130 160 162 229 323 326 372 411 421 442
26 30 33 37 64 97 118 128 164 187 229 298 308 322 470
45 177 210 239 368 379 393 460 471 474 477 480
120 144 275 343 377 417 430 472 477
57 68 97 118 125 183 276 351 477 498
15 31 39 110 122 141 255 257 289 319 379 388 480 489 492
4 116 127 181 226 239 351 368 381 401 412 422
28 37 67 73 151 176 196 362 381 400 440
64 135 215 283 338 343 346 357 387 396 442 472 474
8 151 187 328 331 351 361 368 371 421 471
21 82 96 97 171 175 181 216 241 307 345
5 30 31 75 93 97 111 196 294 354 357 474 489
112 120 122 154 192 217 296 333 335 368 477
31 68 108 334 340 368 372
21 48 93 145 207 227 362 411 436 450 482
2 12 51 110 180 185 205 218 226 234 290 316 332 360 408 419 469 474
43 55 105 141 239 279 304 384 487
21 33 55 100 111 196 210 316 348 356 364 368 414 422 460 496
8 18 31 35 162 217 296 307 467 470 472
12 38 73 75 145 160 283 285 300 374 440 443
37 93 176 187 347 381 492
215 349 372 401 402 450
27 40 51 112 163 183 210 236 279 280 308 343 362 368 408 456
102 111 120 130 187 274 283 351 385
31 49 70 111 118 144 154 196 217 293 334 335 362 375 413 421 458 477 481 486
12 27 93 145 158 165 316 374 377 453 487
25 72 94 190 361 438 471 496
8 33 39 56 94 171 177 205 274 328 422 477 489 490
151 155 177 263 306 349 356 378 395 436 465 483
8 14 27 88 110 129 131 154 161 204 239 308 326 346 354 467 494
12 59 82 98 104 129 131 207 216 227 279 310 350 368 394 400 401 443 489 494
41 69 70 402 449 496
140 487 494
32 33 52 102 112 137 161 164 181 227 275 319 351 361 428 484
36 112 117 122 130 204 224 336 350 368 392 411
15 105 130 328 401
8 39 56 88 128 175 217 274 330 354 440 450
70 85 112 198 214 254 281 294 347 381 413 482
69 72 127 319 413 492
0 18 79 94 234 272 351 358
19 27 54 79 110 120 185 327 339 381 432 450 470 494
17 72 80 129 140 155 189 192 217 226 227 229 326 335 368 401 408 461
2 180 196 230 242 279 477
72 103 116 163 242 259 285 316 338 377
1 3 73 126 137 151 180 183 189 205 368 489
3 78 161 204 283 349 385 405 427 438 453 472
5 35 104 159 249 268 377 417
75 125 242 296 328 347 368 427
68 183 187 196 217 236 306 333 359 413 422 424 443 471
69 115 140 175 236 266 283 315 358 377 442 460 474 495
3 8 55 67 82 93 94 120 128 132 151 192 207 352 379 450
21 71 137 259 334 355 368 401 420 454
68 95 140 145 197 205 209 239 342 405 419 468 475 498
38 54 120 154 194 196 224 296 354 385 438 440 494
53 167 186 188 193 308 339 403 472
88 132 145 322 346 365 369 408 413 474
3 31 51 69 73 196 205 290 378 390
12 51 82 118 140 145 159 172 204 224 259 280 300 302 346 362 401 412 470
1 97 161 169 171 234 269 308 427 449 470
12 118 120 151 197 205 217 283 328 354 362 438
141 168 175 185 187 266 350 401 422 460 489 492
2 19 30 70 130 138 192 217 276 315 349 357 405 487
12 145 154 162 224 319 326 377 381 390 417 480
1 2 3 25 257 319 360 395 412 427 438 453 476
12 45 48 51 127 196 279 280 325 326 355 422 426 477
6 15 43 126 137 316 350 376 460 490 495
8 43 55 72 142 171 183 201 336 345 419 427 443 477 487 491
38 51 55 118 171 185 214 294 350 427 466 467
4 8 39 161 192 334 355 368 384 422 453
5 29 46 69 78 94 116 118 136 168 270 290 328 438 492 494
39 62 73 112 151 164 177 206 259 316 373 381 400 440
32 45 68 71 72 118 156 196 286 299 371 489
25 69 82 103 187 290 294 373 439 460 470
1 2 51 73 227 257 310 395
2 5 90 107 114 151 174 205 234 352
4 21 151 349 364 403 421 450 494
141 234 340 347 427
10 12 45 89 102 183 229 255 281 305 312 347 362 368 419 438 489
2 49 54 110 192 319 352 387 395 449 470
12 29 39 71 183 201 224 258 272 378 421
31 64 70 93 123 201 208 210 220 252 283 375 468
4 17 76 181 209 349 352 387 407 409 412 489
41 108 110 112 147 239 274 280 290 296 367
82 95 97 118 175 254 290 309 319 354 377 438 461 490 494
126 205 213 309 345 405 460
2 4 8 12 32 57 73 218 279 298 331 396 477
25 108 135 140 357 387 442 460 472 474
12 125 151 205 270 281 338 349 368 463
26 177 187 188 196 217 276 308 328 438
3 31 85 167 217 321 352 477
3 56 85 171 181 193 212 217 236 268 321 352 381 383 415 417 449 480
95 115 120 158 159 207 209 275 278 342 368 486 494 498
70 72 115 116 139 159 183 216 300 316 362 368 378 407
41 71 86 98 114 130 132 196 204 214 334 407 419 459
64 96 110 115 201 205 480
5 72 126 128 196 265 276 320 377
19 82 112 145 147 161 183 236 280 294 308 348 368 378 385 407 440 477
350
69 110 112 114 198 269 300 307 339 362 408 478 480
18 27 71 73 120 130 217 226 277 319 330 368 397
96 234 419 438 460
40 43 205 208 258 387 423
27 52 55 116 159 161 276 449 480
10 48 94 112 159 165 171 190 197 239 257 310 349 395 401 440 467 471
35 243 283 354 396 438 449 478 490
10 39 48 111 116 128 163 175 224 266 296 348 362 387 405 436 441 480
32 45 120 136 159 196 258 281 290 326 355 460
0 49 51 52 158 226 263 351 381 403 419 472
43 53 58 93 100 110 168 190 201 210 236 300 304 309 381 414 481 491
5 55 229 273 277 321 345 368 381 474
103 129 140 270 283 334 405
21 25 43 54 401 432 447
4 46 97 142 145 167 196 198 235 283 307 319 339 368 396 409
3 123 234 305 322 387
71 73 122 163 192 205 285 309 377 424 451 486 492
0 5 32 60 97 120 125 146 192 197 218 280 392 419 464 465 477 480
60 93 96 110 145 187 217 280 294 368
22 116 120 151 215 255 286 300 349 350 413 422 465
9 12 33 46 93 103 129 208 268 279 371 397 411 424 459 460 480 489
45 82 140 224 419 427
100 171 208 229 244 338 379
12 57 69 72 98 123 158 192 208 306 322 326 349 392 441
112 128 140 151 159 240 242 263 346 377 401 409 440 489
12 14 72 272 306 319 328 362 366 418 492
21 27 71 181 204 242 276 322 334 343 347 370 371 381 414 432 460 476 484
1 3 180 183 189 196 266 368 401 441
54 72 154 158 226 275 440
12 25 69 100 111 120 145 205 229 242 335 343 347 354 387 405 440 443 467 494
53 72 122 151 185 190 196 198 208 215 217 361 438 482
72 82 158 168 283 322 354 366 397 438 470
46 51 90 145 154 274 279 346 350 368 472 477 489
96 111 122 138 180 208 270 279 296 423 471
28 112 122 129 208 278 349 350 368 394 400 401 460 484
8 38 43 45 53 54 125 129 145 169 180 205 236 258 295 326 354 401
61 80 120 127 198 494
8 27 45 132 157 158 171 172 290 307 326 471
1 8 10 18 44 70 108 127 274 283 348 380 396 418 458 496
21 22 54 69 103 136 151 179 249 289 368 401
3 8 67 77 94 159 171 185 193 198 277 294 400 450
24 35 43 96 100 120 150 215
22 31 122 131 145 224 436
0 1 187 339 362 419 443 477 485 489
2 55 151 174 177 290 294 352 377 381
31 82 122 141 257 300 400 482 492
8 21 69 72 120 126 269 279 430
2 43 55 193 222 378 487
12 151 204 229 240 294 318 438 449 492
15 55 72 118 141 162 198 205 239 266 267 368 438 450 496
39 262 364 388 422 450 478 480
5 27 70 89 115 138 158 205 265 280 320 345 357 388 438 486
57 105 116 162 172 175 180 224 270 274 283 301 332 355 368 373 440
3 23 45 53 97 104 110 111 145 283 334 371 387 422 477
0 3 35 45 161 197 204 279 310 377 419 440 472
2 58 64 103 115 125 128 140 197 205 299 472 480
32 55 140 143 145 157 162 216 224 227 242 275 278 305 314 351 370 470
25 26 38 112 161 194 278 280 296 394 443 474
8 21 32 110 111 132 204 239 283 318 354 357 401 405 438 467 478 489 498
1 28 39 89 216 226 304 307 314 334 346 427 483
0 5 33 71 72 73 140 161 175 192 208 246 299 383 411 438 482
27 64 165 209 239 259 381 413
18 86 95 155 161 189 204 206 223 373 437 470 472
9 112 140 212 217 316 373 390 489
73 116 183 197 224 276 277 345 346 350 362 406 417 419 450 477
0 4 89 118 120 132 136 156 225 256 295 333
2 130 145 161 178 215 266 270 320 377 421 443 480 487
1 27 38 49 145 332 368 415 422 449 489
12 55 70 72 103 116 151 204 285 300 339 343 347 390 432 489
82 155 196 205 207 290 294 378 477
5 45 77 118 120 183 243 326 443 462 487
33 37 51 54 76 110 116 127 177 489
43 141 194 357 362 464 467
54 158 226 275 281 326 368 404 419 440 484
21 25 112 142 279 326 335 366 395 438
4 48 116 199 285 290 326 354 368 383 418
5 155 162 218 470
112 145 176 283 309 427 456 466 499
12 82 103 129 140 183 258 270 283 290 334 405 438
35 52 74 100 104 151 236 276 322 390 396 438 472
4 5 82 129 169 171 216 224 227 298 304 326 332 360 419 443 474 489 494
3 85 96 217 240 276 321 352 361 368 393 403 489
279 300 377 461 476
71 319 438
3 6 8 67 94 140 145 197 205 239 419 450 475
10 93 110 159 171 185 193 198 274 288 328 373 492
55 57 64 100 280 370 400 415 450 460 483
21 41 55 94 111 127 156 198 229 259 281 322 348 354 381 392 402 422 427
21 34 39 48 68 111 116 196 210 217 339 467
1 4 90 162 262 296 337 339 368 387 405 413 480 494
54 89 177 216 227 242 274 334 350 387 447 449 483 496
10 12 68 100 122 145 208 229 239 244 274 319 328 379 456
73 76 161 246 322 492
16 43 53 88 151 322 346
51 85 147 158 161 185 186 196 197 216 274 319 368 400 419 421 424 449 480
67 115 136 161 171 205 212 274 316 336 348 412
3 4 40 82 197 239
39 55 57 71 100 128 130 175 214 274 312 339 368 402 436 468 480
27 64 89 118 129 175 208 239 296 316 319 373 411 415
8 48 116 229 350 351 438 470 487
21 71 239 279 316 339 348 362 392 438 480 486
12 21 34 42 72 90 110 159 171 212 336 487
20 123 158 222 309 331 334 336 351 460 472
46 53 88 89 102 151 229 249 268 283 438
8 28 58 70 72 102 115 118 120 229 254 268 349 368 387 397 486
110 116 145 188 294 348 364 374
100 115 196 205 207 236 242 294 334 366 368 384 460
176 283 466 484 492 499
1 80 127 145 175 279 381 414 427 428 470
140 357 378 460 468
77 89 114 118 151 158 172 224 274 300 346 350 368 440
8 28 30 48 61 100 132 239 274 275 328 334
7 104 122 131 198 234 239 321 421
45 54 72 126 132 145 215 216 219 255 358 413 438 492
31 85 130 145 146 237 347 450 460
18 33 49 51 70 120 192 276 344 362 368 489
40 55 104 129 132 226 227 280 287 294 309 336 405
72 90 122 192 283 387 454 480 494
12 25 59 68 73 179 207 234 328 343 350 362 381
12 21 24 46 48 111 130 162 176 196 217 230 366 373 381 440
31 138 227 270 377 405 421
21 35 45 116 120 130 159 175 196 218 226 265 306 335 339 397 411 460 473 494
36 48 69 83 112 128 132 142 159 161 283 347 366 405 412 424 477
53 74 82 85 115 118 132 147 162 186 239 259 279 287 298 335 338 373 419 472 493 494
1 72 73 110 120 155 183 185 276 279 350 381 443 473 477
54 129 205 208 212 242 266 350 368 460 480
72 112 120 129 145 147 153 183 217 234 298 326 333 400 401 403 405 412 419 429 461
12 35 151 194 335 349 357
1 93 115 117 123 125 140 241 348 349 438
10 18 69 70 110 138 168 177 198 202 204 229 246 349 390 450 460 489 490
96 110 120 138 140 161 185 316 332 333 334 368 484 489 498
35 82 97 120 161 171 265 329 347 349 361 450
46 95 129 138 188 249 267 377 395 400 471
68 142 161 190 215 236 266 270 296 354 381 408 423 491 495
16 43 53 88 94 145 151 178 207 290 322 346 355
69 73 100 145 185 242 261 294 333 371 449 460 480 494
31 42 48 161 197 258 283 296 438 452 470
25 96 120 122 129 130 132 151 160 350 395 419 422 438 471 490
36 53 55 117 208 224 225 294 334 339 343 376 401 411 427 474
112 114 120 128 140 145 162 163 243 401 465
54 151 178 192 207 274 288 336 368 470
43 91 120 130 204 206 217 266 300 313
26 36 78 161 180 217 262 316 318 319 345 346 350 404 409 449 472 494
12 21 69 100 120 196 242 335 339 387 467
75 151 156 188 217 268 336 370 414
57 67 86 104 112 192 196 236 288 310 322 334 376 383 392 414 450 492
1 21 38 94 111 116 122 158 196 234 239 272 281 304 305 370 381 385 419 438 467 477
12 71 72 123 140 162 192 348 354 360 362 387 400
18 53 70 115 120 143 145 304
3 12 15 26 41 71 120 185 198 270 275 309 314 326 349 354 377 381 390 448 468
8 12 43 173 175 183 192 266 290 320
51 69 70 89 162 196 207 214 249 306 421 438 486
49 54 139 145 216 280 385 470
130 155 362 385
75 118 163 258 268 279 362 460
39 57 104 116 146 262 266 299 300 308 334 373 381 401 422 438 449 469 477 487
71 116 132 217 218 236 297 350 351 366 377 385 397 411 432 436 443 496
96 97 309 318 368 373 379 432 467 494
1 27 38 85 89 100 145 217 310 332 357 415 422
28 54 95 112 118 168 328 454 486
21 96 126 130 151 395 397 454 456
45 114 116 128 132 175 250 276 387 440 450
30 70 108 276 283 315 339 357
0 37 57 103 128 129 130 140 242 270 276 283 294 297 298 334 351 378 381 405 421 424 440 454 461 494
68 110 178 185 205 206 255 266 293 334 336 377 379 473
96 140 190 202 229 239 477
30 43 70 141 196 254 299 362 368 464 467 470
37 67 73 125 151 186 234 360 362 392 430 461 471
25 48 105 258 279 285 296 349
8 25 43 51 97 196 315 362 405 419 443
27 43 161 217 295 322 352 385 419 478
23 55 143 215 240 320 440
8 35 40 43 128 165 227 265 274 321 413 470
25 49 204 236 320 370 381 400 449 470
82 129 207 239 298 335 343 373
91 143 216 217 241 249 286 290
21 31 145 151 156 186 196 204 217 224 349 354 411
171 217 223 235 326 381 406 450
45 77 120 141 183 234 236 279 357 368 477
0 8 10 55 129 136 145 151 163 165 298 319 375 408 480
49 69 151 167 180 205 215 217 230 308 339 362 468 495
82 85 215 217 290 321 343 361 368 387 396 474 492
51 54 55 69 75 89 111 147 165 243 278 348 349 438 470 486
12 74 110 161 266 351 427 442 490
45 168 207 249 272 286 303 319 453
45 281 314 355 417
18 42 151 159 171 207 256 460
34 64 147 151 205 229 368 401 447 471 477 494
84 111 157 336 339 355
45 48 100 140 180 234 240 274 296 309 332 343 362 370 381 385 397 405
28 168 208 276 352 387 467
3 27 46 72 90 132 168 207 224 279 328 355 373 380 397 438 450
89 114 118 158 162 163 172 193 217 224 300 313 346 347 368 381 474
21 25 45 112 162 217 267 320 333 350 360 381 413 438 440 489
2 45 85 118 164 183 236 254 290 310 319 332 413 450 490 496
8 43 73 78 105 115 192 196 208 283 295 331 338 354 368 385
8 76 157 159 198 223 234 275 326 343 436
8 63 75 85 93 132 196 201 276 303 319 332 350 362 381 470 474 477 492
25 107 140 225 229 266 309 316 363 403 470 486
9 52 105 128 171 214 217 241 258 294 350 461 466
6 31 54 94 145 196 197 205 216 322 339
71 82 118 136 198 209 279 307 334 348 349 350 443 477
12 45 46 73 78 103 162 198 208 209 227 339 397 413 450 459
10 69 73 93 103 152 196 308 480
12 78 115 177 265 307 309 334 377 379 472 496
8 46 102 154 155 171 290 300 326 468
55 115 145 197 239 285 308 362 427 431 449
41 128 134 221 390 415 478 492
8 68 92 102 111 154 180 280 290 316 318 327 460
15 25 185 198 236 275 370 381 449
43 89 118 129 143 208 239 242 272 316 335 373 427 443
41 115 146 161 203 207 259 285 286 334 339 347 368 480
27 129 161 204 239 240 326 432 467
18 70 120 145 162 217 310 375 461 489
12 21 41 82 120 208 219 374 377 427
27 37 64 105 279 430
71 89 98 114 164 204 259 276 348 407 419 459 492
5 112 177 180 265 347 355 368
100 141 145 152 327 346 467
37 67 73 118 151 236 257 307 315 355 362
25 32 45 49 71 94 161 198 245 281 314 318 355 381 417 486
22 48 69 90 103 114 136 192 201 204 208 216 229 366 378 401 440 454 456
55 193 220 266 285 290 351 385 392 415 427 437 449 472 487
10 68 69 120 125 140 357 424 438 472 480 494 495
2 8 27 35 86 115 120 177 212 236 296 316 326 338 343 346 392 438 460 489
46 115 265 385 395 468
18 86 112 125 183 194 257 298 319
45 77 98 206 210 215 279 348 368 412 467 477
12 122 125 145 146 274 316 319 338 456 492
12 61 68 110 129 175 251 265 279 283 294 300 371 478
19 126 136 240 254 304 346
36 61 70 71 205 300 377 438 480
53 70 73 117 234 316 362 392 486
72 120 201 242 348 373 415 421 456 494 498
21 100 339 478
24 70 85 115 130 161 162 175 178 239 345 354 358 381 438
21 46 110 268 343 357 471 487
14 112 205 216 258 261 326 395 403 414 417 431 441 442 469
21 41 75 120 132 360 390 395 422
5 8 80 116 138 142 162 216 246 298 336 368 376 486
0 5 8 75 120 154 278 377 387 440
21 33 53 97 145 186 321 349 403 477
5 30 71 111 115 137 183 196 227 281 354 361 381
39 40 78 201 254 334 405 450
1 31 69 75 112 118 134 162 187 205 215 216 274 286 299 401 402 467
4 77 155 239 274 283 339 494
21 63 110 115 145 205 415 437
12 39 54 90 110 212 230 280 283 334 336 467
64 104 120 144 201 294 323 343 427 450
71 101 120 130 144 188 234 246 275 285 294 343 349 480
3 32 71 120 145 154 173 193 258 362 368 459 486
6 8 40 69 96 104 108 111 187 198 226 243 300 318 339 390 395 474 480
31 55 86 164 202 217 274 335 336 342 376
89 181 183 224 226 234 310 319 339 357 377 385 387 460
20 22 26 70 71 345 392 436
43 51 96 120 138 283 333 334 339 351 368 402 477 484
198 266 308 362 418 419 478
21 75 151 217 229 231 265 308 322 353 364 368 376 405 450
105 111 177 194 263 339 367
158 217 265 320 369 371 377 413
41 82 97 120 204 314 374 377 456 494
3 19 55 97 105 131 161 204 227 272 319 407 411 421 460 478
2 8 45 51 56 183 256 259 274 304 357 362 395 450 472 474 486
1 6 21 35 39 58 70 175 196 204 305 311 343 349 385
91 127 217 239 334
12 18 56 106 164 181 196 201 229 282 334 368 396 438
25 40 70 73 104 110 226 242 279 280 385 396 486
35 78 162 419 470
46 186 336 366 368 395 400 419 436 440 468 477
5 100 183 226 438
8 69 73 155 192 196 201 205 207 290 308 384 422
2 8 73 105 112 160 208 230 283 350 361 394 468
4 33 145 159 168 180 193 204 227 234 279 368 396 422 471
1 2 176 257 320 355 395 470
4 26 43 67 115 116 120 132 185 208 216 227 242 258 283 338 361 368 401 438 470 477
8 12 88 168 217 227 330 335 354 421 438 472
45 54 65 96 105 120 161 175 197 205 234 236 377 482 487
12 97 154 198 235 256 358 360 377 401 470 486
2 64 71 82 161 187 227 274 279 286 308 328 334 381 385 461 468
39 44 161 204 205 236 318 321 336 352 472
12 55 68 110 171 183 187 236 258 352 373 477
40 43 85 129 205 208 257 258 276 350 366 387 394 401 423 443 487
55 103 129 136 151 157 163 236 266 319 351 375 450 470
12 70 82 85 130 151 172 196 229 262 290 339 401 478
8 12 51 64 116 171 196 214 294 306 350 383 403 417 421 443 460 466 492
15 39 72 93 129 155 197 217 236 298 362 378 387 447
45 183 259 281 305 347 368 419 472
48 180 276 283 320
66 67 73 82 100 125 130 196 422 470 472 477 480 486 489
51 85 116 196 217 346 438 460 468 480 494
8 68 96 123 139 145 212 217 296 350 411 438 470
55 85 118 151 226 234 236 332 352 372 401 450 494
12 20 25 196 330 348 368 377 441 456 472
21 45 72 158 210 229 265 355 368 384 421 477 480
8 120 145 192 196 315 344 348 362 405 429 443
4 82 148 229 266 279 305 309 395 402 450 463 486
1 22 25 31 93 120 169 175 187 197 368 410 432 436
1 43 90 197 320 459
5 68 85 275 310 459
3 26 45 55 145 162 166 259 286 290 304 308 362
1 41 46 122 141 259 319 347 377 388 392 460 468 492
2 4 110 116 162 187 204 290 449
12 27 46 58 111 155 204 320 332 348 385 456
8 43 157 185 196 217 224 234 279 334 336 356 395 438
14 56 129 226 264 373 374
145 165 210 243 278 361 367 373 470 494
33 100 111 161 227 335 338 368 390 402 422 432 459
51 54 107 129 295 296 316 339 377 378 381 418 477 487
27 114 183 192 204 217 266 283 326 352 354 397 438
53 96 107 283 321 344 349 369 387 401 422 440 464
18 97 111 171 205 222 274 316 328 378 391 405 447
4 49 53 74 140 161 254 266 318 321 427 442
10 11 27 57 73 125 204 272 275 362 388 461
1 27 112 130 155 163 205 229 316 346 487
74 105 128 161 185 207 217 234 259 438 482
31 33 35 43 73 90 115 126 141 164 183 262 279 298 316 338 440 441 490
30 227 262 338 381 401 472
12 56 64 73 75 118 230 258 268 460
89 201 204 208 266 279 294 351 368 378 398 401 438 478
33 41 110 128 134 183 221 276 322 339 350 352 415
75 82 96 171 177 216 290 326 368 413
1 4 70 82 85 102 120 139 310 320 371 379 405
39 70 75 120 145 162 202 217 310 316 351 370 438 461
2 26 51 64 67 70 223 348 355 376 427 450
110 181 192 196 229 239 266 405 460 494
1 164 311 467 477 480
21 64 90 96 120 163 171 201 216 217 242 499
120 179 187 217 333 359 362 413 424 439 443 470 471
12 18 35 75 90 110 118 151 178 188 227 300 326 364 368 369 373 417 439 472
54 100 110 162 183 196 206 217 246 350 427 432 450 460 480 486 494
4 5 45 55 71 111 130 168 217 275 309 318 357 376 384 414 415 440 443 451 464 470 474
36 129 224 263 319 411 412
12 46 55 73 110 178 224 258 279 298 307 319 350 354 456 459 492
2 21 117 145 198 217 252 300 307 387 411 415
6 120 138 179 255 276 282 368 480 494
0 5 8 75 110 120 154 205 334 387
6 21 25 88 118 130 171 183 280 307 357 368 381 405 413 450 469 470
24 35 43 96 97 115 151 173 303 355 413 485
46 73 114 160 204 240 257 290 314 326 367 368 487
137 145 155 265 368 438 484
12 69 108 112 118 128 147 175 373 403 417 443 480
54 86 97 122 151 207 224 294 320 333 349 350 354 368 419 469 492
32 57 120 196 216 234 280 367 437 477
2 109 165 170 205 239 276 311 390 400 438 450 472 489
51 55 71 225 246 257 285 400 419 474 491 494
16 212 234 316 335 368 384 401 438 477
77 98 205 206 215 279 308 348 350 369 412 449 467
17 105 120 159 161 201 234 318 354 360 413 482
120 132 203 217 234 276 297 305 377 387 411 419 427 436 474 496
16 25 34 55 68 93 177 181 236 259 274 285 319 321 322 346 377 419 459
96 97 100 116 122 203 239 278 329 350 381 403 417 419 460 494
8 28 72 78 115 198 201 236 268 300 315 343 377 474 487
12 20 140 163 259 333 484
8 25 43 89 105 161 170 234 283 294 421 424 478 482
16 49 55 112 122 140 155 254 318 320 333 349 387 401 415 419 438 447 456
26 45 78 177 205 295 297 340 483
21 27 62 105 110 137 167 339 351 422 479
110 156 275 443
31 39 69 98 102 130 140 145 147 186 209 239 255 335 346 379 411 450
38 115 128 130 137 141 196 217 224 249 304 338 357 438
1 15 31 147 183 248 278 296 356 385 400 467 480
5 112 140 268 320 362 381 469
18 53 85 124 205 266 326 411 480 