77 100 118 123 145 171 192 225 230 243 261 273 326 349 412 461 470
37 94 100 104 171 194 235 332 411 419 422 460 470
35 41 112 151 154 158 163 196 224 269 295 426
70 89 145 158 162 202 310 320 345 405 437 438 461 486
4 27 112 229 239 346 351
2 145 154 160 197 274 378 477
69 73 118 120 122 177 217 234 307 334 349 395 401 413 494
43 53 70 101 111 130 151 157 180 230 239 276 285 296 299 354 362 419
120 236 270 316 371 381 421 441
151 159 197 205 212 217 414 450
35 42 69 110 156 165 263 277 283 296 346 376 427 489
3 33 57 85 145 159 206 240 279 294 328 349 381 403 422 468 477 494
27 51 55 280 283 295 332 345 360 378 381 401 477 484
6 10 25 45 72 100 151 168 208 295 322 326 352 467
55 93 187 229 332 454 456 480
25 55 57 93 100 125 145 193 215 230 236 274 276 280 321 383 415 419 480 495
1 6 12 25 70 129 159 204 239 263 296 305 412
75 88 143 188 196 204 236 258 276 316 413 470 472 474 492
5 37 90 92 112 196 212 236 268 274 320 327 339 362 375 381 460
49 52 54 69 110 160 266 269 368 378 401 437 447 453
12 116 126 158 183 204 258 283 320 371
25 93 122 139 145 197 217 224 272 322 383 427 494
12 38 44 115 122 159 296 321 370 372 421 487
70 132 193 279 310 333 474
19 45 58 72 120 138 186 189 198 285 320 333 374 424 437 443 496
7 43 75 93 108 118 162 198 226 258 268 390 453 460 472
2 17 21 54 88 118 145 214 227 257 275 295 334 476
25 171 478
25 38 51 55 58 97 113 155 171 217 226 229 268 277 295 310 311 327 354 406 411 460 467 469
48 72 78 142 145 162 274 326 352 370 385 413 467
12 71 172 300 388 438 470 471 477 490
3 4 126 158 212 229 343 477 483 494
6 43 51 93 162 180 196 227 279 283 316 357 381 412 413 422 450 462 467 496
73 93 104 125 131 171 207 239 278 280 326 443 489
3 85 88 115 296 321 472
27 37 73 111 129 132 163 177 222 316 320 328 343 411 430 472 487
0 38 93 97 120 157 193 227 243 262 381 395 401 413 470
60 93 110 112 114 208 280 294 307 368 408
20 26 43 64 70 71 123 201 216 252 286 338 345 354 392 402 414 415 442 470 489
25 116 151 196 217 275 280 326 401 477 480 489
20 49 76 82 142 145 246 283 334 368 489
40 43 51 60 93 161 208 236 280 294 368
21 111 136 208 332 334 378 427 428
13 115 158 161 167 229 239 345 377 422
38 75 180 196 205 240 255 308 355 392 421 423 440
105 120 154 343 360 369 405 419
3 32 82 85 90 105 161 197 268 306 321 343 362 486 492
82 120 197 205 278 315 326 440 449 492
5 53 97 102 155 178 204 207 227 258 295 299 336 348 430 470
46 185 274 304 319 346 356 368
69 70 183 249 306 308 381 407
32 46 54 93 151 161 177 188 195 229 283 347 379 391 494
0 26 275 285 287 315 419 471 472
83 86 110 130 185 314 326 361 371
85 130 146 162 237 348 354 377 460
73 162 175 186 229 354
3 16 38 54 74 124 197 350 368 470 489 491
8 39 112 122 145 161 223 265 321 394 427 437 472 480 492 498
93 120 158 159 169 180 210 226 312 322 366 410 429 443 473
31 306 366 474
2 12 31 51 80 126 127 145 154 177 217 243 316 334 362 366 460
8 36 38 69 100 175 217 232 239 300 304 305 326 343 401 408 438
2 33 69 118 147 196 262 298 326 414 422 450 472
1 44 70 72 181 208 220 227 279 298 328 338 414 438 468
1 13 25 26 93 116 214 471
32 43 120 255 261 269 278 293 333 377 400 401 411 440 488
27 37 38 51 82 92 110 118 175 187 276 327 401 450
8 51 86 120 125 138 208 290 305 315 339 417 422
7 8 68 196 201 259 354 401
8 18 42 71 192 293 300 384 422 470 496
7 21 48 78 210 226 339 347 463 480
55 80 125 145 151 159 179 239 249 274 289 379 422
21 46 52 97 126 137 240 280 283 290 295 316 337 350 440 460 471 483 490
21 26 127 203 205 280 308 318 350 361 405
12 32 130 155 176 183 205 314 346 350 362 377 415 470 477 487
142 143 147 155 161 204 280 362 383 401 467 472
72 120 266 290 357 373 421 426 427 494
2 40 71 196 262 295 310 362 421 489
8 48 112 130 140 154 182 197 277 421 449 477
15 54 130 154 156 174 266 276 356 390 480
242 266 280 285 308 353 422 472 480 486
82 96 171 181 216
73 115 122 140 165 377 419 464
22 115 118 132 230 261 273 310 326 412 414
55 68 86 103 281 362 477
132 145 170 177 178 188 208 260 322 334 374 394 421 449
93 128 177 271 352 401
8 21 70 154 185 205 242 275 283 300 345 423 450 468
21 48 64 210 224 339 368 388 480
0 8 49 51 145 234 264 300 350 381 456
23 45 70 93 97 110 129 145 276 279 343 371 397
0 27 79 296 364 461
2 49 168 183 205 224 272 276 287 405 421 428 454 460
8 75 82 145 151 175 217 234 264 268 276 277 300 336 349 350 370 417
25 55 72 93 111 112 115 127 159 280 283 333 334 442
142 283 293 368
21 45 99 117 145 151 266 285 315 322 362 373 413 418 423 450 489
31 38 45 49 52 69 110 169 180 207 241 258 368 461 489
4 28 32 72 103 140 161 204 234 298 362 422 443 482
39 112 145 161 208 217 268 402 482 
